{"autoClear":true,"clearColor":[0,0,0],"ambientColor":[0,0,0],"gravity":[0,-9.81,0],
"materials":[{"name":"longBowCenteredwArrow.Black_Gloss","id":"longBowCenteredwArrow.Black_Gloss","ambient":[0.0188,0.0188,0.0188],"diffuse":[0.0188,0.0188,0.0188],"specular":[0.2675,0.2675,0.2675],"emissive":[0.0188,0.0188,0.0188],"specularPower":50,"alpha":1,"backFaceCulling":true},{"name":"longBowCenteredwArrow.FletchingRed","id":"longBowCenteredwArrow.FletchingRed","ambient":[0.4869,0,0],"diffuse":[0.4869,0,0],"specular":[0.1,0.0003,0],"emissive":[0,0,0],"specularPower":50,"alpha":1,"backFaceCulling":true},{"name":"longBowCenteredwArrow.Material","id":"longBowCenteredwArrow.Material","ambient":[0.0147,0.0147,0.0147],"diffuse":[0.0147,0.0147,0.0147],"specular":[0.0712,0.0712,0.0712],"emissive":[0,0,0],"specularPower":50,"alpha":1,"backFaceCulling":true},{"name":"longBowCenteredwArrow.Material.001","id":"longBowCenteredwArrow.Material.001","ambient":[0.4672,0.4672,0.4672],"diffuse":[0.4672,0.4672,0.4672],"specular":[0.0517,0.0517,0.0517],"emissive":[0,0,0],"specularPower":50,"alpha":1,"backFaceCulling":true},{"name":"longBowCenteredwArrow.Steel","id":"longBowCenteredwArrow.Steel","ambient":[0.263,0.273,0.281],"diffuse":[0.263,0.273,0.281],"specular":[0.2819,0.3446,0.3652],"emissive":[0,0,0],"specularPower":50,"alpha":1,"backFaceCulling":true},{"name":"longBowCenteredwArrow.Wood","id":"longBowCenteredwArrow.Wood","ambient":[0.1329,0.0414,0.0038],"diffuse":[0.1329,0.0414,0.0038],"specular":[0.0246,0.0085,0.0022],"emissive":[0.1329,0.0414,0.0038],"specularPower":50,"alpha":1,"backFaceCulling":true, "diffuseTexture":{"name":"wood-00.png","level":1,"hasAlpha":1,"coordinatesMode":0,"uOffset":0,"vOffset":0,"uScale":1,"vScale":1,"uAng":0,"vAng":0,"wAng":0,"wrapU":1,"wrapV":1,"coordinatesIndex":0}},{"name":"longBowCenteredwArrow.Wood.001","id":"longBowCenteredwArrow.Wood.001","ambient":[0.1025,0.0499,0.0077],"diffuse":[0.1025,0.0499,0.0077],"specular":[0.0816,0.0475,0.0174],"emissive":[0,0,0],"specularPower":50,"alpha":1,"backFaceCulling":true}],
"multiMaterials":[{"name":"longBowCenteredwArrow.Multimaterial#0","id":"longBowCenteredwArrow.Multimaterial#0","materials":["longBowCenteredwArrow.Wood","longBowCenteredwArrow.Black_Gloss","longBowCenteredwArrow.Material"]},{"name":"longBowCenteredwArrow.Multimaterial#1","id":"longBowCenteredwArrow.Multimaterial#1","materials":["longBowCenteredwArrow.Wood.001","longBowCenteredwArrow.Steel","longBowCenteredwArrow.FletchingRed","longBowCenteredwArrow.Material.001"]}],
"skeletons":[{"name":"Armature","id":0,"bones":[
{"name":"Bone.004","index":0,"matrix":[1,0,0,0,0,1,0,0,0,0,-1,0,0,0.1925,0.06,1],"parentBoneIndex":-1,"animation":{"dataType":3,"framePerSecond":30,"keys":[{"frame":1,"values":[1,0,0,0,0,1,0,0,0,0,-1,0,0,0.1925,0.06,1]},{"frame":110,"values":[1,0,0,0,0,1,0,0,0,0,-1,0,0,0.1925,0.06,1]}],"loopBehavior":1,"name":"anim","property":"_matrix"}},
{"name":"Bone.005","index":1,"matrix":[-1,0,0,0,0,0.9788,0.2047,0,0,0.2047,-0.9788,0,0,0.1661,0,1],"parentBoneIndex":0,"animation":{"dataType":3,"framePerSecond":30,"keys":[{"frame":1,"values":[-1,0,0,0,0,0.9788,0.2047,0,0,0.2047,-0.9788,0,0,0.1661,0,1]},{"frame":2,"values":[-1,0,0,0,0,0.9788,0.205,0,0,0.205,-0.9788,0,0,0.1661,0,1]},{"frame":3,"values":[-1,0,0,0,0,0.9786,0.2058,0,0,0.2058,-0.9786,0,0,0.1661,0,1]},{"frame":4,"values":[-1,0,0,0,0,0.9783,0.2071,0,0,0.2071,-0.9783,0,0,0.1661,0,1]},{"frame":5,"values":[-1,0,0,0,0,0.9779,0.2089,0,0,0.2089,-0.9779,0,0,0.1661,0,1]},{"frame":6,"values":[-1,0,0,0,0,0.9774,0.2112,0,0,0.2112,-0.9774,0,0,0.1661,0,1]},{"frame":7,"values":[-1,0,0,0,0,0.9768,0.214,0,0,0.214,-0.9768,0,0,0.1661,0,1]},{"frame":8,"values":[-1,0,0,0,0,0.9761,0.2174,0,0,0.2174,-0.9761,0,0,0.1661,0,1]},{"frame":9,"values":[-1,0,0,0,0,0.9752,0.2213,0,0,0.2213,-0.9752,0,0,0.1661,0,1]},{"frame":10,"values":[-1,0,0,0,0,0.9742,0.2256,0,0,0.2256,-0.9742,0,0,0.1661,0,1]},{"frame":11,"values":[-1,0,0,0,0,0.9731,0.2304,0,0,0.2304,-0.9731,0,0,0.1661,0,1]},{"frame":12,"values":[-1,0,0,0,0,0.9718,0.2356,0,0,0.2356,-0.9718,0,0,0.1661,0,1]},{"frame":13,"values":[-1,0,0,0,0,0.9705,0.2413,0,0,0.2413,-0.9705,0,0,0.1661,0,1]},{"frame":14,"values":[-1,0,0,0,0,0.9689,0.2473,0,0,0.2473,-0.9689,0,0,0.1661,0,1]},{"frame":15,"values":[-1,0,0,0,0,0.9673,0.2537,0,0,0.2537,-0.9673,0,0,0.1661,0,1]},{"frame":16,"values":[-1,0,0,0,0,0.9655,0.2603,0,0,0.2603,-0.9655,0,0,0.1661,0,1]},{"frame":17,"values":[-1,0,0,0,0,0.9636,0.2672,0,0,0.2672,-0.9636,0,0,0.1661,0,1]},{"frame":18,"values":[-1,0,0,0,0,0.9617,0.2743,0,0,0.2743,-0.9617,0,0,0.1661,0,1]},{"frame":19,"values":[-1,0,0,0,0,0.9596,0.2815,0,0,0.2815,-0.9596,0,0,0.1661,0,1]},{"frame":20,"values":[-1,0,0,0,0,0.9574,0.2887,0,0,0.2887,-0.9574,0,0,0.1661,0,1]},{"frame":21,"values":[-1,0,0,0,0,0.9552,0.296,0,0,0.296,-0.9552,0,0,0.1661,0,1]},{"frame":22,"values":[-1,0,0,0,0,0.9529,0.3033,0,0,0.3033,-0.9529,0,0,0.1661,0,1]},{"frame":23,"values":[-1,0,0,0,0,0.9506,0.3104,0,0,0.3104,-0.9506,0,0,0.1661,0,1]},{"frame":24,"values":[-1,0,0,0,0,0.9483,0.3174,0,0,0.3174,-0.9483,0,0,0.1661,0,1]},{"frame":25,"values":[-1,0,0,0,0,0.946,0.3241,0,0,0.3241,-0.946,0,0,0.1661,0,1]},{"frame":26,"values":[-1,0,0,0,0,0.9438,0.3306,0,0,0.3306,-0.9438,0,0,0.1661,0,1]},{"frame":27,"values":[-1,0,0,0,0,0.9416,0.3368,0,0,0.3368,-0.9416,0,0,0.1661,0,1]},{"frame":28,"values":[-1,0,0,0,0,0.9395,0.3427,0,0,0.3427,-0.9395,0,0,0.1661,0,1]},{"frame":29,"values":[-1,0,0,0,0,0.9375,0.3481,0,0,0.3481,-0.9375,0,0,0.1661,0,1]},{"frame":30,"values":[-1,0,0,0,0,0.9356,0.3532,0,0,0.3532,-0.9356,0,0,0.1661,0,1]},{"frame":31,"values":[-1,0,0,0,0,0.9338,0.3578,0,0,0.3578,-0.9338,0,0,0.1661,0,1]},{"frame":32,"values":[-1,0,0,0,0,0.9322,0.3619,0,0,0.3619,-0.9322,0,0,0.1661,0,1]},{"frame":33,"values":[-1,0,0,0,0,0.9308,0.3656,0,0,0.3656,-0.9308,0,0,0.1661,0,1]},{"frame":34,"values":[-1,0,0,0,0,0.9295,0.3688,0,0,0.3688,-0.9295,0,0,0.1661,0,1]},{"frame":35,"values":[-1,0,0,0,0,0.9284,0.3715,0,0,0.3715,-0.9284,0,0,0.1661,0,1]},{"frame":36,"values":[-1,0,0,0,0,0.9275,0.3737,0,0,0.3737,-0.9275,0,0,0.1661,0,1]},{"frame":37,"values":[-1,0,0,0,0,0.9268,0.3754,0,0,0.3754,-0.9268,0,0,0.1661,0,1]},{"frame":38,"values":[-1,0,0,0,0,0.9264,0.3767,0,0,0.3767,-0.9264,0,0,0.1661,0,1]},{"frame":39,"values":[-1,0,0,0,0,0.9261,0.3774,0,0,0.3774,-0.9261,0,0,0.1661,0,1]},{"frame":40,"values":[-1,0,0,0,0,0.926,0.3776,0,0,0.3776,-0.926,0,0,0.1661,0,1]},{"frame":101,"values":[-1,0,0,0,0,0.9633,0.2684,0,0,0.2684,-0.9633,0,0,0.1661,0,1]},{"frame":102,"values":[-1,0,0,0,0,0.9878,0.1555,0,0,0.1555,-0.9878,0,0,0.1661,0,1]},{"frame":103,"values":[-1,0,0,0,0,0.9859,0.1674,0,0,0.1674,-0.9859,0,0,0.1661,0,1]},{"frame":104,"values":[-1,0,0,0,0,0.9812,0.1929,0,0,0.1929,-0.9812,0,0,0.1661,0,1]},{"frame":105,"values":[-1,0,0,0,0,0.9788,0.2047,0,0,0.2047,-0.9788,0,0,0.1661,0,1]},{"frame":110,"values":[-1,0,0,0,0,0.9788,0.2047,0,0,0.2047,-0.9788,0,0,0.1661,0,1]}],"loopBehavior":1,"name":"anim","property":"_matrix"}},
{"name":"Bone.006","index":2,"matrix":[1,0,0,0,0,0.9922,0.1247,0,0,-0.1247,0.9922,0,0,0.7413,0,1],"parentBoneIndex":1,"animation":{"dataType":3,"framePerSecond":30,"keys":[{"frame":1,"values":[1,0,0,0,0,0.9922,0.1247,0,0,-0.1247,0.9922,0,0,0.7413,0,1]},{"frame":2,"values":[1,0,0,0,0,0.9922,0.1245,0,0,-0.1245,0.9922,0,0,0.7413,0,1]},{"frame":3,"values":[1,0,0,0,0,0.9923,0.1238,0,0,-0.1238,0.9923,0,0,0.7413,0,1]},{"frame":4,"values":[1,0,0,0,0,0.9925,0.1225,0,0,-0.1225,0.9925,0,0,0.7413,0,1]},{"frame":5,"values":[1,0,0,0,0,0.9927,0.1208,0,0,-0.1208,0.9927,0,0,0.7413,0,1]},{"frame":6,"values":[1,0,0,0,0,0.9929,0.1186,0,0,-0.1186,0.9929,0,0,0.7413,0,1]},{"frame":7,"values":[1,0,0,0,0,0.9933,0.1159,0,0,-0.1159,0.9933,0,0,0.7413,0,1]},{"frame":8,"values":[1,0,0,0,0,0.9936,0.1127,0,0,-0.1127,0.9936,0,0,0.7413,0,1]},{"frame":9,"values":[1,0,0,0,0,0.994,0.109,0,0,-0.109,0.994,0,0,0.7413,0,1]},{"frame":10,"values":[1,0,0,0,0,0.9945,0.1048,0,0,-0.1048,0.9945,0,0,0.7413,0,1]},{"frame":11,"values":[1,0,0,0,0,0.995,0.1002,0,0,-0.1002,0.995,0,0,0.7413,0,1]},{"frame":12,"values":[1,0,0,0,0,0.9955,0.0951,0,0,-0.0951,0.9955,0,0,0.7413,0,1]},{"frame":13,"values":[1,0,0,0,0,0.996,0.0897,0,0,-0.0897,0.996,0,0,0.7413,0,1]},{"frame":14,"values":[1,0,0,0,0,0.9965,0.0839,0,0,-0.0839,0.9965,0,0,0.7413,0,1]},{"frame":15,"values":[1,0,0,0,0,0.997,0.0777,0,0,-0.0777,0.997,0,0,0.7413,0,1]},{"frame":16,"values":[1,0,0,0,0,0.9975,0.0713,0,0,-0.0713,0.9975,0,0,0.7413,0,1]},{"frame":17,"values":[1,0,0,0,0,0.9979,0.0646,0,0,-0.0646,0.9979,0,0,0.7413,0,1]},{"frame":18,"values":[1,0,0,0,0,0.9983,0.0577,0,0,-0.0577,0.9983,0,0,0.7413,0,1]},{"frame":19,"values":[1,0,0,0,0,0.9987,0.0507,0,0,-0.0507,0.9987,0,0,0.7413,0,1]},{"frame":20,"values":[1,0,0,0,0,0.9991,0.0435,0,0,-0.0435,0.9991,0,0,0.7413,0,1]},{"frame":21,"values":[1,0,0,0,0,0.9993,0.0364,0,0,-0.0364,0.9993,0,0,0.7413,0,1]},{"frame":22,"values":[1,0,0,0,0,0.9996,0.0293,0,0,-0.0293,0.9996,0,0,0.7413,0,1]},{"frame":23,"values":[1,0,0,0,0,0.9998,0.0222,0,0,-0.0222,0.9998,0,0,0.7413,0,1]},{"frame":24,"values":[1,0,0,0,0,0.9999,0.0153,0,0,-0.0153,0.9999,0,0,0.7413,0,1]},{"frame":25,"values":[1,0,0,0,0,1,0.0086,0,0,-0.0086,1,0,0,0.7413,0,1]},{"frame":26,"values":[1,0,0,0,0,1,0.0021,0,0,-0.0021,1,0,0,0.7413,0,1]},{"frame":27,"values":[1,0,0,0,0,1,-0.004,0,0,0.004,1,0,0,0.7413,0,1]},{"frame":28,"values":[1,0,0,0,0,1,-0.0099,0,0,0.0099,1,0,0,0.7413,0,1]},{"frame":29,"values":[1,0,0,0,0,0.9999,-0.0153,0,0,0.0153,0.9999,0,0,0.7413,0,1]},{"frame":30,"values":[1,0,0,0,0,0.9998,-0.0204,0,0,0.0204,0.9998,0,0,0.7413,0,1]},{"frame":31,"values":[1,0,0,0,0,0.9997,-0.025,0,0,0.025,0.9997,0,0,0.7413,0,1]},{"frame":32,"values":[1,0,0,0,0,0.9996,-0.0292,0,0,0.0292,0.9996,0,0,0.7413,0,1]},{"frame":33,"values":[1,0,0,0,0,0.9995,-0.0329,0,0,0.0329,0.9995,0,0,0.7413,0,1]},{"frame":34,"values":[1,0,0,0,0,0.9993,-0.0362,0,0,0.0362,0.9993,0,0,0.7413,0,1]},{"frame":35,"values":[1,0,0,0,0,0.9992,-0.0389,0,0,0.0389,0.9992,0,0,0.7413,0,1]},{"frame":36,"values":[1,0,0,0,0,0.9992,-0.0411,0,0,0.0411,0.9992,0,0,0.7413,0,1]},{"frame":37,"values":[1,0,0,0,0,0.9991,-0.0429,0,0,0.0429,0.9991,0,0,0.7413,0,1]},{"frame":38,"values":[1,0,0,0,0,0.999,-0.0441,0,0,0.0441,0.999,0,0,0.7413,0,1]},{"frame":39,"values":[1,0,0,0,0,0.999,-0.0449,0,0,0.0449,0.999,0,0,0.7413,0,1]},{"frame":40,"values":[1,0,0,0,0,0.999,-0.0451,0,0,0.0451,0.999,0,0,0.7413,0,1]},{"frame":101,"values":[1,0,0,0,0,0.9992,0.04,0,0,-0.04,0.9992,0,0,0.7413,0,1]},{"frame":102,"values":[1,0,0,0,0,0.9922,0.1247,0,0,-0.1247,0.9922,0,0,0.7413,0,1]},{"frame":103,"values":[1,0,0,0,0,0.9922,0.1247,0,0,-0.1247,0.9922,0,0,0.7413,0,1]},{"frame":104,"values":[1,0,0,0,0,0.9922,0.1247,0,0,-0.1247,0.9922,0,0,0.7413,0,1]},{"frame":105,"values":[1,0,0,0,0,0.9922,0.1247,0,0,-0.1247,0.9922,0,0,0.7413,0,1]},{"frame":110,"values":[1,0,0,0,0,0.9922,0.1247,0,0,-0.1247,0.9922,0,0,0.7413,0,1]}],"loopBehavior":1,"name":"anim","property":"_matrix"}},
{"name":"Bone.007","index":3,"matrix":[-1,0,0,0,0,0.8272,0.5619,0,0,0.5619,-0.8272,0,0,0.1911,0,1],"parentBoneIndex":2,"animation":{"dataType":3,"framePerSecond":30,"keys":[{"frame":1,"values":[-1,0,0,0,0,0.8272,0.5619,0,0,0.5619,-0.8272,0,0,0.1911,0,1]},{"frame":2,"values":[-1,0,0,0,0,0.8274,0.5616,0,0,0.5616,-0.8274,0,0,0.1911,0,1]},{"frame":3,"values":[-1,0,0,0,0,0.8279,0.5609,0,0,0.5609,-0.8279,0,0,0.1911,0,1]},{"frame":4,"values":[-1,0,0,0,0,0.8288,0.5596,0,0,0.5596,-0.8288,0,0,0.1911,0,1]},{"frame":5,"values":[-1,0,0,0,0,0.83,0.5578,0,0,0.5578,-0.83,0,0,0.1911,0,1]},{"frame":6,"values":[-1,0,0,0,0,0.8315,0.5555,0,0,0.5555,-0.8315,0,0,0.1911,0,1]},{"frame":7,"values":[-1,0,0,0,0,0.8334,0.5527,0,0,0.5527,-0.8334,0,0,0.1911,0,1]},{"frame":8,"values":[-1,0,0,0,0,0.8356,0.5494,0,0,0.5494,-0.8356,0,0,0.1911,0,1]},{"frame":9,"values":[-1,0,0,0,0,0.8381,0.5455,0,0,0.5455,-0.8381,0,0,0.1911,0,1]},{"frame":10,"values":[-1,0,0,0,0,0.8409,0.5411,0,0,0.5411,-0.8409,0,0,0.1911,0,1]},{"frame":11,"values":[-1,0,0,0,0,0.844,0.5363,0,0,0.5363,-0.844,0,0,0.1911,0,1]},{"frame":12,"values":[-1,0,0,0,0,0.8474,0.531,0,0,0.531,-0.8474,0,0,0.1911,0,1]},{"frame":13,"values":[-1,0,0,0,0,0.851,0.5252,0,0,0.5252,-0.851,0,0,0.1911,0,1]},{"frame":14,"values":[-1,0,0,0,0,0.8547,0.5191,0,0,0.5191,-0.8547,0,0,0.1911,0,1]},{"frame":15,"values":[-1,0,0,0,0,0.8587,0.5125,0,0,0.5125,-0.8587,0,0,0.1911,0,1]},{"frame":16,"values":[-1,0,0,0,0,0.8628,0.5056,0,0,0.5056,-0.8628,0,0,0.1911,0,1]},{"frame":17,"values":[-1,0,0,0,0,0.8669,0.4984,0,0,0.4984,-0.8669,0,0,0.1911,0,1]},{"frame":18,"values":[-1,0,0,0,0,0.8712,0.491,0,0,0.491,-0.8712,0,0,0.1911,0,1]},{"frame":19,"values":[-1,0,0,0,0,0.8754,0.4834,0,0,0.4834,-0.8754,0,0,0.1911,0,1]},{"frame":20,"values":[-1,0,0,0,0,0.8797,0.4756,0,0,0.4756,-0.8797,0,0,0.1911,0,1]},{"frame":21,"values":[-1,0,0,0,0,0.8838,0.4678,0,0,0.4678,-0.8838,0,0,0.1911,0,1]},{"frame":22,"values":[-1,0,0,0,0,0.8879,0.46,0,0,0.46,-0.8879,0,0,0.1911,0,1]},{"frame":23,"values":[-1,0,0,0,0,0.8919,0.4522,0,0,0.4522,-0.8919,0,0,0.1911,0,1]},{"frame":24,"values":[-1,0,0,0,0,0.8958,0.4445,0,0,0.4445,-0.8958,0,0,0.1911,0,1]},{"frame":25,"values":[-1,0,0,0,0,0.8994,0.4371,0,0,0.4371,-0.8994,0,0,0.1911,0,1]},{"frame":26,"values":[-1,0,0,0,0,0.9029,0.4299,0,0,0.4299,-0.9029,0,0,0.1911,0,1]},{"frame":27,"values":[-1,0,0,0,0,0.9062,0.4229,0,0,0.4229,-0.9062,0,0,0.1911,0,1]},{"frame":28,"values":[-1,0,0,0,0,0.9092,0.4164,0,0,0.4164,-0.9092,0,0,0.1911,0,1]},{"frame":29,"values":[-1,0,0,0,0,0.912,0.4102,0,0,0.4102,-0.912,0,0,0.1911,0,1]},{"frame":30,"values":[-1,0,0,0,0,0.9146,0.4045,0,0,0.4045,-0.9146,0,0,0.1911,0,1]},{"frame":31,"values":[-1,0,0,0,0,0.9169,0.3992,0,0,0.3992,-0.9169,0,0,0.1911,0,1]},{"frame":32,"values":[-1,0,0,0,0,0.9189,0.3945,0,0,0.3945,-0.9189,0,0,0.1911,0,1]},{"frame":33,"values":[-1,0,0,0,0,0.9207,0.3902,0,0,0.3902,-0.9207,0,0,0.1911,0,1]},{"frame":34,"values":[-1,0,0,0,0,0.9223,0.3865,0,0,0.3865,-0.9223,0,0,0.1911,0,1]},{"frame":35,"values":[-1,0,0,0,0,0.9236,0.3834,0,0,0.3834,-0.9236,0,0,0.1911,0,1]},{"frame":36,"values":[-1,0,0,0,0,0.9246,0.3808,0,0,0.3808,-0.9246,0,0,0.1911,0,1]},{"frame":37,"values":[-1,0,0,0,0,0.9255,0.3788,0,0,0.3788,-0.9255,0,0,0.1911,0,1]},{"frame":38,"values":[-1,0,0,0,0,0.926,0.3774,0,0,0.3774,-0.926,0,0,0.1911,0,1]},{"frame":39,"values":[-1,0,0,0,0,0.9264,0.3766,0,0,0.3766,-0.9264,0,0,0.1911,0,1]},{"frame":40,"values":[-1,0,0,0,0,0.9265,0.3763,0,0,0.3763,-0.9265,0,0,0.1911,0,1]},{"frame":101,"values":[-1,0,0,0,0,0.8463,0.5327,0,0,0.5327,-0.8463,0,0,0.1911,0,1]},{"frame":102,"values":[-1,0,0,0,0,0.7399,0.6727,0,0,0.6727,-0.7399,0,0,0.1911,0,1]},{"frame":103,"values":[-1,0,0,0,0,0.7625,0.647,0,0,0.647,-0.7625,0,0,0.1911,0,1]},{"frame":104,"values":[-1,0,0,0,0,0.8076,0.5898,0,0,0.5898,-0.8076,0,0,0.1911,0,1]},{"frame":105,"values":[-1,0,0,0,0,0.8272,0.5619,0,0,0.5619,-0.8272,0,0,0.1911,0,1]},{"frame":110,"values":[-1,0,0,0,0,0.8272,0.5619,0,0,0.5619,-0.8272,0,0,0.1911,0,1]}],"loopBehavior":1,"name":"anim","property":"_matrix"}},
{"name":"Bone.008","index":4,"matrix":[0,0,1,0,0,-1,0,0,-1,0,0,0,0,-0.1925,0.06,1],"parentBoneIndex":-1,"animation":{"dataType":3,"framePerSecond":30,"keys":[{"frame":1,"values":[0,0,1,0,0,-1,0,0,-1,0,0,0,0,-0.1925,0.06,1]},{"frame":2,"values":[0,0,1,0,0,-1,0,0,-1,0,0,0,0,-0.1925,0.06,1]},{"frame":3,"values":[0,0,1,0,0,-1,0,0,-1,0,0,0,0,-0.1925,0.06,1]},{"frame":4,"values":[0,0,1,0,0,-1,0,0,-1,0,0,0,0,-0.1925,0.0598,1]},{"frame":5,"values":[0,0,1,0,0,-1,0,0,-1,0,0,0,0,-0.1925,0.0597,1]},{"frame":6,"values":[0,0,1,0,0,-1,0,0,-1,0,0,0,0,-0.1925,0.0595,1]},{"frame":7,"values":[0,0,1,0,0,-1,0,0,-1,0,0,0,0,-0.1925,0.0592,1]},{"frame":8,"values":[0,0,1,0,0,-1,0,0,-1,0,0,0,0,-0.1925,0.0589,1]},{"frame":9,"values":[0,0,1,0,0,-1,0,0,-1,0,0,0,0,-0.1925,0.0586,1]},{"frame":10,"values":[0,0,1,0,0,-1,0,0,-1,0,0,0,0,-0.1925,0.0582,1]},{"frame":11,"values":[0,0,1,0,0,-1,0,0,-1,0,0,0,0,-0.1925,0.0578,1]},{"frame":12,"values":[0,0,1,0,0,-1,0,0,-1,0,0,0,0,-0.1925,0.0573,1]},{"frame":13,"values":[0,0,1,0,0,-1,0,0,-1,0,0,0,0,-0.1925,0.0568,1]},{"frame":14,"values":[0,0,1,0,0,-1,0,0,-1,0,0,0,0,-0.1925,0.0563,1]},{"frame":15,"values":[0,0,1,0,0,-1,0,0,-1,0,0,0,0,-0.1925,0.0558,1]},{"frame":16,"values":[0,0,1,0,0,-1,0,0,-1,0,0,0,0,-0.1925,0.0552,1]},{"frame":17,"values":[0,0,1,0,0,-1,0,0,-1,0,0,0,0,-0.1925,0.0546,1]},{"frame":18,"values":[0,0,1,0,0,-1,0,0,-1,0,0,0,0,-0.1925,0.0539,1]},{"frame":19,"values":[0,0,1,0,0,-1,0,0,-1,0,0,0,0,-0.1925,0.0533,1]},{"frame":20,"values":[0,0,1,0,0,-1,0,0,-1,0,0,0,0,-0.1925,0.0527,1]},{"frame":21,"values":[0,0,1,0,0,-1,0,0,-1,0,0,0,0,-0.1925,0.052,1]},{"frame":22,"values":[0,0,1,0,0,-1,0,0,-1,0,0,0,0,-0.1925,0.0514,1]},{"frame":23,"values":[0,0,1,0,0,-1,0,0,-1,0,0,0,0,-0.1925,0.0507,1]},{"frame":24,"values":[0,0,1,0,0,-1,0,0,-1,0,0,0,0,-0.1925,0.0501,1]},{"frame":25,"values":[0,0,1,0,0,-1,0,0,-1,0,0,0,0,-0.1925,0.0495,1]},{"frame":26,"values":[0,0,1,0,0,-1,0,0,-1,0,0,0,0,-0.1925,0.0489,1]},{"frame":27,"values":[0,0,1,0,0,-1,0,0,-1,0,0,0,0,-0.1925,0.0483,1]},{"frame":28,"values":[0,0,1,0,0,-1,0,0,-1,0,0,0,0,-0.1925,0.0478,1]},{"frame":29,"values":[0,0,1,0,0,-1,0,0,-1,0,0,0,0,-0.1925,0.0473,1]},{"frame":30,"values":[0,0,1,0,0,-1,0,0,-1,0,0,0,0,-0.1925,0.0469,1]},{"frame":31,"values":[0,0,1,0,0,-1,0,0,-1,0,0,0,0,-0.1925,0.0464,1]},{"frame":32,"values":[0,0,1,0,0,-1,0,0,-1,0,0,0,0,-0.1925,0.0461,1]},{"frame":33,"values":[0,0,1,0,0,-1,0,0,-1,0,0,0,0,-0.1925,0.0457,1]},{"frame":34,"values":[0,0,1,0,0,-1,0,0,-1,0,0,0,0,-0.1925,0.0454,1]},{"frame":35,"values":[0,0,1,0,0,-1,0,0,-1,0,0,0,0,-0.1925,0.0452,1]},{"frame":36,"values":[0,0,1,0,0,-1,0,0,-1,0,0,0,0,-0.1925,0.045,1]},{"frame":37,"values":[0,0,1,0,0,-1,0,0,-1,0,0,0,0,-0.1925,0.0448,1]},{"frame":38,"values":[0,0,1,0,0,-1,0,0,-1,0,0,0,0,-0.1925,0.0447,1]},{"frame":39,"values":[0,0,1,0,0,-1,0,0,-1,0,0,0,0,-0.1925,0.0446,1]},{"frame":40,"values":[0,0,1,0,0,-1,0,0,-1,0,0,0,0,-0.1925,0.0446,1]},{"frame":101,"values":[0,0,1,0,0,-1,0,0,-1,0,0,0,0,-0.1925,0.0523,1]},{"frame":102,"values":[0,0,1,0,0,-1,0,0,-1,0,0,0,0,-0.1925,0.06,1]},{"frame":110,"values":[0,0,1,0,0,-1,0,0,-1,0,0,0,0,-0.1925,0.06,1]}],"loopBehavior":1,"name":"anim","property":"_matrix"}},
{"name":"Bone.009","index":5,"matrix":[0,0,1,0,-0.2047,0.9788,0,0,-0.9788,-0.2047,0,0,0,0.1661,0,1],"parentBoneIndex":4,"animation":{"dataType":3,"framePerSecond":30,"keys":[{"frame":1,"values":[0,0,1,0,-0.2047,0.9788,0,0,-0.9788,-0.2047,0,0,0,0.1661,0,1]},{"frame":2,"values":[0,0,1,0,-0.205,0.9788,0,0,-0.9788,-0.205,0,0,0,0.1661,0,1]},{"frame":3,"values":[0,0,1,0,-0.2057,0.9786,0,0,-0.9786,-0.2057,0,0,0,0.1661,0,1]},{"frame":4,"values":[0,0,1,0,-0.2069,0.9784,0,0,-0.9784,-0.2069,0,0,0,0.1661,0,1]},{"frame":5,"values":[0,0,1,0,-0.2086,0.978,0,0,-0.978,-0.2086,0,0,0,0.1661,0,1]},{"frame":6,"values":[0,0,1,0,-0.2108,0.9775,0,0,-0.9775,-0.2108,0,0,0,0.1661,0,1]},{"frame":7,"values":[0,0,1,0,-0.2135,0.9769,0,0,-0.9769,-0.2135,0,0,0,0.1661,0,1]},{"frame":8,"values":[0,0,1,0,-0.2166,0.9763,0,0,-0.9763,-0.2166,0,0,0,0.1661,0,1]},{"frame":9,"values":[0,0,1,0,-0.2203,0.9754,0,0,-0.9754,-0.2203,0,0,0,0.1661,0,1]},{"frame":10,"values":[0,0,1,0,-0.2244,0.9745,0,0,-0.9745,-0.2244,0,0,0,0.1661,0,1]},{"frame":11,"values":[0,0,1,0,-0.2289,0.9735,0,0,-0.9735,-0.2289,0,0,0,0.1661,0,1]},{"frame":12,"values":[0,0,1,0,-0.2338,0.9723,0,0,-0.9723,-0.2338,0,0,0,0.1661,0,1]},{"frame":13,"values":[0,0,1,0,-0.2391,0.971,0,0,-0.971,-0.2391,0,0,0,0.1661,0,1]},{"frame":14,"values":[0,0,1,0,-0.2448,0.9696,0,0,-0.9696,-0.2448,0,0,0,0.1661,0,1]},{"frame":15,"values":[0,0,1,0,-0.2508,0.968,0,0,-0.968,-0.2508,0,0,0,0.1661,0,1]},{"frame":16,"values":[0,0,1,0,-0.257,0.9664,0,0,-0.9664,-0.257,0,0,0,0.1661,0,1]},{"frame":17,"values":[0,0,1,0,-0.2635,0.9647,0,0,-0.9647,-0.2635,0,0,0,0.1661,0,1]},{"frame":18,"values":[0,0,1,0,-0.2702,0.9628,0,0,-0.9628,-0.2702,0,0,0,0.1661,0,1]},{"frame":19,"values":[0,0,1,0,-0.2769,0.9609,0,0,-0.9609,-0.2769,0,0,0,0.1661,0,1]},{"frame":20,"values":[0,0,1,0,-0.2838,0.9589,0,0,-0.9589,-0.2838,0,0,0,0.1661,0,1]},{"frame":21,"values":[0,0,1,0,-0.2907,0.9568,0,0,-0.9568,-0.2907,0,0,0,0.1661,0,1]},{"frame":22,"values":[0,0,1,0,-0.2975,0.9547,0,0,-0.9547,-0.2975,0,0,0,0.1661,0,1]},{"frame":23,"values":[0,0,1,0,-0.3042,0.9526,0,0,-0.9526,-0.3042,0,0,0,0.1661,0,1]},{"frame":24,"values":[0,0,1,0,-0.3108,0.9505,0,0,-0.9505,-0.3108,0,0,0,0.1661,0,1]},{"frame":25,"values":[0,0,1,0,-0.3172,0.9484,0,0,-0.9484,-0.3172,0,0,0,0.1661,0,1]},{"frame":26,"values":[0,0,1,0,-0.3233,0.9463,0,0,-0.9463,-0.3233,0,0,0,0.1661,0,1]},{"frame":27,"values":[0,0,1,0,-0.3291,0.9443,0,0,-0.9443,-0.3291,0,0,0,0.1661,0,1]},{"frame":28,"values":[0,0,1,0,-0.3346,0.9423,0,0,-0.9423,-0.3346,0,0,0,0.1661,0,1]},{"frame":29,"values":[0,0,1,0,-0.3398,0.9405,0,0,-0.9405,-0.3398,0,0,0,0.1661,0,1]},{"frame":30,"values":[0,0,1,0,-0.3446,0.9388,0,0,-0.9388,-0.3446,0,0,0,0.1661,0,1]},{"frame":31,"values":[0,0,1,0,-0.3489,0.9372,0,0,-0.9372,-0.3489,0,0,0,0.1661,0,1]},{"frame":32,"values":[0,0,1,0,-0.3528,0.9357,0,0,-0.9357,-0.3528,0,0,0,0.1661,0,1]},{"frame":33,"values":[0,0,1,0,-0.3563,0.9344,0,0,-0.9344,-0.3563,0,0,0,0.1661,0,1]},{"frame":34,"values":[0,0,1,0,-0.3593,0.9332,0,0,-0.9332,-0.3593,0,0,0,0.1661,0,1]},{"frame":35,"values":[0,0,1,0,-0.3619,0.9322,0,0,-0.9322,-0.3619,0,0,0,0.1661,0,1]},{"frame":36,"values":[0,0,1,0,-0.364,0.9314,0,0,-0.9314,-0.364,0,0,0,0.1661,0,1]},{"frame":37,"values":[0,0,1,0,-0.3656,0.9308,0,0,-0.9308,-0.3656,0,0,0,0.1661,0,1]},{"frame":38,"values":[0,0,1,0,-0.3668,0.9303,0,0,-0.9303,-0.3668,0,0,0,0.1661,0,1]},{"frame":39,"values":[0,0,1,0,-0.3675,0.93,0,0,-0.93,-0.3675,0,0,0,0.1661,0,1]},{"frame":40,"values":[0,0,1,0,-0.3677,0.9299,0,0,-0.9299,-0.3677,0,0,0,0.1661,0,1]},{"frame":101,"values":[0,0,1,0,-0.2542,0.9672,0,0,-0.9672,-0.2542,0,0,0,0.1661,0,1]},{"frame":102,"values":[0,0,1,0,-0.1371,0.9906,0,0,-0.9906,-0.1371,0,0,0,0.1661,0,1]},{"frame":103,"values":[0,0,1,0,-0.1535,0.9881,0,0,-0.9881,-0.1535,0,0,0,0.1661,0,1]},{"frame":104,"values":[0,0,1,0,-0.1885,0.9821,0,0,-0.9821,-0.1885,0,0,0,0.1661,0,1]},{"frame":105,"values":[0,0,1,0,-0.2047,0.9788,0,0,-0.9788,-0.2047,0,0,0,0.1661,0,1]},{"frame":110,"values":[0,0,1,0,-0.2047,0.9788,0,0,-0.9788,-0.2047,0,0,0,0.1661,0,1]}],"loopBehavior":1,"name":"anim","property":"_matrix"}},
{"name":"Bone.010","index":6,"matrix":[1,0,0,0,0,0.9922,-0.1247,0,0,0.1247,0.9922,0,0,0.7413,0,1],"parentBoneIndex":5,"animation":{"dataType":3,"framePerSecond":30,"keys":[{"frame":1,"values":[1,0,0,0,0,0.9922,-0.1247,0,0,0.1247,0.9922,0,0,0.7413,0,1]},{"frame":2,"values":[1,0,0,0,0,0.9922,-0.1245,0,0,0.1245,0.9922,0,0,0.7413,0,1]},{"frame":3,"values":[1,0,0,0,0,0.9923,-0.1237,0,0,0.1237,0.9923,0,0,0.7413,0,1]},{"frame":4,"values":[1,0,0,0,0,0.9925,-0.1224,0,0,0.1224,0.9925,0,0,0.7413,0,1]},{"frame":5,"values":[1,0,0,0,0,0.9927,-0.1206,0,0,0.1206,0.9927,0,0,0.7413,0,1]},{"frame":6,"values":[1,0,0,0,0,0.993,-0.1182,0,0,0.1182,0.993,0,0,0.7413,0,1]},{"frame":7,"values":[1,0,0,0,0,0.9933,-0.1153,0,0,0.1153,0.9933,0,0,0.7413,0,1]},{"frame":8,"values":[1,0,0,0,0,0.9937,-0.1119,0,0,0.1119,0.9937,0,0,0.7413,0,1]},{"frame":9,"values":[1,0,0,0,0,0.9941,-0.108,0,0,0.108,0.9941,0,0,0.7413,0,1]},{"frame":10,"values":[1,0,0,0,0,0.9946,-0.1036,0,0,0.1036,0.9946,0,0,0.7413,0,1]},{"frame":11,"values":[1,0,0,0,0,0.9951,-0.0987,0,0,0.0987,0.9951,0,0,0.7413,0,1]},{"frame":12,"values":[1,0,0,0,0,0.9956,-0.0934,0,0,0.0934,0.9956,0,0,0.7413,0,1]},{"frame":13,"values":[1,0,0,0,0,0.9962,-0.0876,0,0,0.0876,0.9962,0,0,0.7413,0,1]},{"frame":14,"values":[1,0,0,0,0,0.9967,-0.0815,0,0,0.0815,0.9967,0,0,0.7413,0,1]},{"frame":15,"values":[1,0,0,0,0,0.9972,-0.0749,0,0,0.0749,0.9972,0,0,0.7413,0,1]},{"frame":16,"values":[1,0,0,0,0,0.9977,-0.0681,0,0,0.0681,0.9977,0,0,0.7413,0,1]},{"frame":17,"values":[1,0,0,0,0,0.9981,-0.061,0,0,0.061,0.9981,0,0,0.7413,0,1]},{"frame":18,"values":[1,0,0,0,0,0.9986,-0.0537,0,0,0.0537,0.9986,0,0,0.7413,0,1]},{"frame":19,"values":[1,0,0,0,0,0.9989,-0.0463,0,0,0.0463,0.9989,0,0,0.7413,0,1]},{"frame":20,"values":[1,0,0,0,0,0.9993,-0.0387,0,0,0.0387,0.9993,0,0,0.7413,0,1]},{"frame":21,"values":[1,0,0,0,0,0.9995,-0.0311,0,0,0.0311,0.9995,0,0,0.7413,0,1]},{"frame":22,"values":[1,0,0,0,0,0.9997,-0.0236,0,0,0.0236,0.9997,0,0,0.7413,0,1]},{"frame":23,"values":[1,0,0,0,0,0.9999,-0.0161,0,0,0.0161,0.9999,0,0,0.7413,0,1]},{"frame":24,"values":[1,0,0,0,0,1,-0.0088,0,0,0.0088,1,0,0,0.7413,0,1]},{"frame":25,"values":[1,0,0,0,0,1,-0.0017,0,0,0.0017,1,0,0,0.7413,0,1]},{"frame":26,"values":[1,0,0,0,0,1,0.0052,0,0,-0.0052,1,0,0,0.7413,0,1]},{"frame":27,"values":[1,0,0,0,0,0.9999,0.0117,0,0,-0.0117,0.9999,0,0,0.7413,0,1]},{"frame":28,"values":[1,0,0,0,0,0.9998,0.0179,0,0,-0.0179,0.9998,0,0,0.7413,0,1]},{"frame":29,"values":[1,0,0,0,0,0.9997,0.0237,0,0,-0.0237,0.9997,0,0,0.7413,0,1]},{"frame":30,"values":[1,0,0,0,0,0.9996,0.029,0,0,-0.029,0.9996,0,0,0.7413,0,1]},{"frame":31,"values":[1,0,0,0,0,0.9994,0.034,0,0,-0.034,0.9994,0,0,0.7413,0,1]},{"frame":32,"values":[1,0,0,0,0,0.9993,0.0384,0,0,-0.0384,0.9993,0,0,0.7413,0,1]},{"frame":33,"values":[1,0,0,0,0,0.9991,0.0423,0,0,-0.0423,0.9991,0,0,0.7413,0,1]},{"frame":34,"values":[1,0,0,0,0,0.999,0.0457,0,0,-0.0457,0.999,0,0,0.7413,0,1]},{"frame":35,"values":[1,0,0,0,0,0.9988,0.0486,0,0,-0.0486,0.9988,0,0,0.7413,0,1]},{"frame":36,"values":[1,0,0,0,0,0.9987,0.051,0,0,-0.051,0.9987,0,0,0.7413,0,1]},{"frame":37,"values":[1,0,0,0,0,0.9986,0.0529,0,0,-0.0529,0.9986,0,0,0.7413,0,1]},{"frame":38,"values":[1,0,0,0,0,0.9985,0.0542,0,0,-0.0542,0.9985,0,0,0.7413,0,1]},{"frame":39,"values":[1,0,0,0,0,0.9985,0.055,0,0,-0.055,0.9985,0,0,0.7413,0,1]},{"frame":40,"values":[1,0,0,0,0,0.9985,0.0552,0,0,-0.0552,0.9985,0,0,0.7413,0,1]},{"frame":101,"values":[1,0,0,0,0,0.9994,-0.0349,0,0,0.0349,0.9994,0,0,0.7413,0,1]},{"frame":102,"values":[1,0,0,0,0,0.9922,-0.1247,0,0,0.1247,0.9922,0,0,0.7413,0,1]},{"frame":103,"values":[1,0,0,0,0,0.9922,-0.1247,0,0,0.1247,0.9922,0,0,0.7413,0,1]},{"frame":104,"values":[1,0,0,0,0,0.9922,-0.1247,0,0,0.1247,0.9922,0,0,0.7413,0,1]},{"frame":105,"values":[1,0,0,0,0,0.9922,-0.1247,0,0,0.1247,0.9922,0,0,0.7413,0,1]},{"frame":110,"values":[1,0,0,0,0,0.9922,-0.1247,0,0,0.1247,0.9922,0,0,0.7413,0,1]}],"loopBehavior":1,"name":"anim","property":"_matrix"}},
{"name":"Bone.011","index":7,"matrix":[-1,0,0,0,0,0.8272,-0.5619,0,0,-0.5619,-0.8272,0,0,0.1911,0,1],"parentBoneIndex":6,"animation":{"dataType":3,"framePerSecond":30,"keys":[{"frame":1,"values":[-1,0,0,0,0,0.8272,-0.5619,0,0,-0.5619,-0.8272,0,0,0.1911,0,1]},{"frame":2,"values":[-1,0,0,0,0,0.8274,-0.5616,0,0,-0.5616,-0.8274,0,0,0.1911,0,1]},{"frame":3,"values":[-1,0,0,0,0,0.8279,-0.5609,0,0,-0.5609,-0.8279,0,0,0.1911,0,1]},{"frame":4,"values":[-1,0,0,0,0,0.8288,-0.5596,0,0,-0.5596,-0.8288,0,0,0.1911,0,1]},{"frame":5,"values":[-1,0,0,0,0,0.83,-0.5578,0,0,-0.5578,-0.83,0,0,0.1911,0,1]},{"frame":6,"values":[-1,0,0,0,0,0.8315,-0.5555,0,0,-0.5555,-0.8315,0,0,0.1911,0,1]},{"frame":7,"values":[-1,0,0,0,0,0.8334,-0.5527,0,0,-0.5527,-0.8334,0,0,0.1911,0,1]},{"frame":8,"values":[-1,0,0,0,0,0.8356,-0.5494,0,0,-0.5494,-0.8356,0,0,0.1911,0,1]},{"frame":9,"values":[-1,0,0,0,0,0.8381,-0.5455,0,0,-0.5455,-0.8381,0,0,0.1911,0,1]},{"frame":10,"values":[-1,0,0,0,0,0.8409,-0.5412,0,0,-0.5412,-0.8409,0,0,0.1911,0,1]},{"frame":11,"values":[-1,0,0,0,0,0.844,-0.5364,0,0,-0.5364,-0.844,0,0,0.1911,0,1]},{"frame":12,"values":[-1,0,0,0,0,0.8473,-0.5311,0,0,-0.5311,-0.8473,0,0,0.1911,0,1]},{"frame":13,"values":[-1,0,0,0,0,0.8509,-0.5253,0,0,-0.5253,-0.8509,0,0,0.1911,0,1]},{"frame":14,"values":[-1,0,0,0,0,0.8547,-0.5192,0,0,-0.5192,-0.8547,0,0,0.1911,0,1]},{"frame":15,"values":[-1,0,0,0,0,0.8586,-0.5126,0,0,-0.5126,-0.8586,0,0,0.1911,0,1]},{"frame":16,"values":[-1,0,0,0,0,0.8627,-0.5058,0,0,-0.5058,-0.8627,0,0,0.1911,0,1]},{"frame":17,"values":[-1,0,0,0,0,0.8668,-0.4986,0,0,-0.4986,-0.8668,0,0,0.1911,0,1]},{"frame":18,"values":[-1,0,0,0,0,0.8711,-0.4912,0,0,-0.4912,-0.8711,0,0,0.1911,0,1]},{"frame":19,"values":[-1,0,0,0,0,0.8753,-0.4835,0,0,-0.4835,-0.8753,0,0,0.1911,0,1]},{"frame":20,"values":[-1,0,0,0,0,0.8795,-0.4758,0,0,-0.4758,-0.8795,0,0,0.1911,0,1]},{"frame":21,"values":[-1,0,0,0,0,0.8837,-0.468,0,0,-0.468,-0.8837,0,0,0.1911,0,1]},{"frame":22,"values":[-1,0,0,0,0,0.8878,-0.4602,0,0,-0.4602,-0.8878,0,0,0.1911,0,1]},{"frame":23,"values":[-1,0,0,0,0,0.8918,-0.4524,0,0,-0.4524,-0.8918,0,0,0.1911,0,1]},{"frame":24,"values":[-1,0,0,0,0,0.8956,-0.4448,0,0,-0.4448,-0.8956,0,0,0.1911,0,1]},{"frame":25,"values":[-1,0,0,0,0,0.8993,-0.4373,0,0,-0.4373,-0.8993,0,0,0.1911,0,1]},{"frame":26,"values":[-1,0,0,0,0,0.9028,-0.4301,0,0,-0.4301,-0.9028,0,0,0.1911,0,1]},{"frame":27,"values":[-1,0,0,0,0,0.906,-0.4232,0,0,-0.4232,-0.906,0,0,0.1911,0,1]},{"frame":28,"values":[-1,0,0,0,0,0.9091,-0.4167,0,0,-0.4167,-0.9091,0,0,0.1911,0,1]},{"frame":29,"values":[-1,0,0,0,0,0.9119,-0.4105,0,0,-0.4105,-0.9119,0,0,0.1911,0,1]},{"frame":30,"values":[-1,0,0,0,0,0.9144,-0.4048,0,0,-0.4048,-0.9144,0,0,0.1911,0,1]},{"frame":31,"values":[-1,0,0,0,0,0.9167,-0.3995,0,0,-0.3995,-0.9167,0,0,0.1911,0,1]},{"frame":32,"values":[-1,0,0,0,0,0.9188,-0.3948,0,0,-0.3948,-0.9188,0,0,0.1911,0,1]},{"frame":33,"values":[-1,0,0,0,0,0.9206,-0.3906,0,0,-0.3906,-0.9206,0,0,0.1911,0,1]},{"frame":34,"values":[-1,0,0,0,0,0.9221,-0.3869,0,0,-0.3869,-0.9221,0,0,0.1911,0,1]},{"frame":35,"values":[-1,0,0,0,0,0.9234,-0.3838,0,0,-0.3838,-0.9234,0,0,0.1911,0,1]},{"frame":36,"values":[-1,0,0,0,0,0.9245,-0.3812,0,0,-0.3812,-0.9245,0,0,0.1911,0,1]},{"frame":37,"values":[-1,0,0,0,0,0.9253,-0.3792,0,0,-0.3792,-0.9253,0,0,0.1911,0,1]},{"frame":38,"values":[-1,0,0,0,0,0.9259,-0.3778,0,0,-0.3778,-0.9259,0,0,0.1911,0,1]},{"frame":39,"values":[-1,0,0,0,0,0.9262,-0.3769,0,0,-0.3769,-0.9262,0,0,0.1911,0,1]},{"frame":40,"values":[-1,0,0,0,0,0.9264,-0.3767,0,0,-0.3767,-0.9264,0,0,0.1911,0,1]},{"frame":101,"values":[-1,0,0,0,0,0.8487,-0.5288,0,0,-0.5288,-0.8487,0,0,0.1911,0,1]},{"frame":102,"values":[-1,0,0,0,0,0.7464,-0.6655,0,0,-0.6655,-0.7464,0,0,0.1911,0,1]},{"frame":103,"values":[-1,0,0,0,0,0.7672,-0.6414,0,0,-0.6414,-0.7672,0,0,0.1911,0,1]},{"frame":104,"values":[-1,0,0,0,0,0.809,-0.5879,0,0,-0.5879,-0.809,0,0,0.1911,0,1]},{"frame":105,"values":[-1,0,0,0,0,0.8272,-0.5619,0,0,-0.5619,-0.8272,0,0,0.1911,0,1]},{"frame":110,"values":[-1,0,0,0,0,0.8272,-0.5619,0,0,-0.5619,-0.8272,0,0,0.1911,0,1]}],"loopBehavior":1,"name":"anim","property":"_matrix"}},
{"name":"Bone","index":8,"matrix":[1,0,0,0,0,0,-1,0,0,-1,0,0,0,0,-0.1235,1],"parentBoneIndex":-1,"animation":{"dataType":3,"framePerSecond":30,"keys":[{"frame":1,"values":[1,0,0,0,0,0,-1,0,0,-1,0,0,0,0,-0.1235,1]},{"frame":2,"values":[1,0,0,0,0,0,-1,0,0,-1,0,0,0,0,-0.1252,1]},{"frame":3,"values":[1,0,0,0,0,0,-1,0,0,-1,0,0,0,0,-0.1302,1]},{"frame":4,"values":[1,0,0,0,0,0,-1,0,0,-1,0,0,0,0,-0.1386,1]},{"frame":5,"values":[1,0,0,0,0,0,-1,0,0,-1,0,0,0,0,-0.1504,1]},{"frame":6,"values":[1,0,0,0,0,0,-1,0,0,-1,0,0,0,0,-0.1656,1]},{"frame":7,"values":[1,0,0,0,0,0,-1,0,0,-1,0,0,0,0,-0.1841,1]},{"frame":8,"values":[1,0,0,0,0,0,-1,0,0,-1,0,0,0,0,-0.206,1]},{"frame":9,"values":[1,0,0,0,0,0,-1,0,0,-1,0,0,0,0,-0.2312,1]},{"frame":10,"values":[1,0,0,0,0,0,-1,0,0,-1,0,0,0,0,-0.2595,1]},{"frame":11,"values":[1,0,0,0,0,0,-1,0,0,-1,0,0,0,0,-0.2909,1]},{"frame":12,"values":[1,0,0,0,0,0,-1,0,0,-1,0,0,0,0,-0.3252,1]},{"frame":13,"values":[1,0,0,0,0,0,-1,0,0,-1,0,0,0,0,-0.3622,1]},{"frame":14,"values":[1,0,0,0,0,0,-1,0,0,-1,0,0,0,0,-0.4017,1]},{"frame":15,"values":[1,0,0,0,0,0,-1,0,0,-1,0,0,0,0,-0.4434,1]},{"frame":16,"values":[1,0,0,0,0,0,-1,0,0,-1,0,0,0,0,-0.4871,1]},{"frame":17,"values":[1,0,0,0,0,0,-1,0,0,-1,0,0,0,0,-0.5325,1]},{"frame":18,"values":[1,0,0,0,0,0,-1,0,0,-1,0,0,0,0,-0.5792,1]},{"frame":19,"values":[1,0,0,0,0,0,-1,0,0,-1,0,0,0,0,-0.6268,1]},{"frame":20,"values":[1,0,0,0,0,0,-1,0,0,-1,0,0,0,0,-0.6751,1]},{"frame":21,"values":[1,0,0,0,0,0,-1,0,0,-1,0,0,0,0,-0.7235,1]},{"frame":22,"values":[1,0,0,0,0,0,-1,0,0,-1,0,0,0,0,-0.7717,1]},{"frame":23,"values":[1,0,0,0,0,0,-1,0,0,-1,0,0,0,0,-0.8194,1]},{"frame":24,"values":[1,0,0,0,0,0,-1,0,0,-1,0,0,0,0,-0.866,1]},{"frame":25,"values":[1,0,0,0,0,0,-1,0,0,-1,0,0,0,0,-0.9114,1]},{"frame":26,"values":[1,0,0,0,0,0,-1,0,0,-1,0,0,0,0,-0.9551,1]},{"frame":27,"values":[1,0,0,0,0,0,-1,0,0,-1,0,0,0,0,-0.9969,1]},{"frame":28,"values":[1,0,0,0,0,0,-1,0,0,-1,0,0,0,0,-1.0364,1]},{"frame":29,"values":[1,0,0,0,0,0,-1,0,0,-1,0,0,0,0,-1.0734,1]},{"frame":30,"values":[1,0,0,0,0,0,-1,0,0,-1,0,0,0,0,-1.1077,1]},{"frame":31,"values":[1,0,0,0,0,0,-1,0,0,-1,0,0,0,0,-1.1391,1]},{"frame":32,"values":[1,0,0,0,0,0,-1,0,0,-1,0,0,0,0,-1.1674,1]},{"frame":33,"values":[1,0,0,0,0,0,-1,0,0,-1,0,0,0,0,-1.1926,1]},{"frame":34,"values":[1,0,0,0,0,0,-1,0,0,-1,0,0,0,0,-1.2144,1]},{"frame":35,"values":[1,0,0,0,0,0,-1,0,0,-1,0,0,0,0,-1.233,1]},{"frame":36,"values":[1,0,0,0,0,0,-1,0,0,-1,0,0,0,0,-1.2482,1]},{"frame":37,"values":[1,0,0,0,0,0,-1,0,0,-1,0,0,0,0,-1.26,1]},{"frame":38,"values":[1,0,0,0,0,0,-1,0,0,-1,0,0,0,0,-1.2684,1]},{"frame":39,"values":[1,0,0,0,0,0,-1,0,0,-1,0,0,0,0,-1.2734,1]},{"frame":40,"values":[1,0,0,0,0,0,-1,0,0,-1,0,0,0,0,-1.275,1]},{"frame":101,"values":[1,0,0,0,0,0,-1,0,0,-1,0,0,0,0,-0.6551,1]},{"frame":102,"values":[1,0,0,0,0,0,-1,0,0,-1,0,0,0,0,-0.0352,1]},{"frame":103,"values":[1,0,0,0,0,0,-1,0,0,-1,0,0,0,0,-0.0565,1]},{"frame":104,"values":[1,0,0,0,0,0,-1,0,0,-1,0,0,0,0,-0.1022,1]},{"frame":105,"values":[1,0,0,0,0,0,-1,0,0,-1,0,0,0,0,-0.1235,1]},{"frame":110,"values":[1,0,0,0,0,0,-1,0,0,-1,0,0,0,0,-0.1235,1]}],"loopBehavior":1,"name":"anim","property":"_matrix"}}]}],
"meshes":[{"name":"LongBow","id":"LongBow","materialId":"longBowCenteredwArrow.Multimaterial#0","billboardMode":0,"position":[0,0,0],"rotation":[0,0,0],"scaling":[1,1,1],"isVisible":true,"isEnabled":true,"useFlatShading":false,"checkCollisions":false,"receiveShadows":false,"skeletonId":0
